%YAML:1.0
---
width: 1133
height: 850
K: !!opencv-matrix
   rows: 3
   cols: 3
   dt: d
   data: [ 8.5285283118415191e+02, 0., 5.5423511938534136e+02, 0.,
       8.5346449553789887e+02, 4.3654385305285734e+02, 0., 0., 1. ]
D: !!opencv-matrix
   rows: 8
   cols: 1
   dt: d
   data: [ 4.0201332681746672e-02, -4.5712889009077462e-01,
       1.0668428669868160e-03, -3.4635298151483026e-04,
       9.9066275276338533e-01, 0., 0., 0. ]
